2022 12 Логистика 63020
2019 2 Продажи 59000
2019 3 Продажи 58000
2019 4 Продажи 61000
2019 5 Продажи 63000
2019 6 Продажи 64000
2019 7 Продажи 66000
2019 8 Продажи 69000
2019 9 Продажи 71000
2019 10 Продажи 73000
2019 11 Продажи 75000
2019 12 Продажи 78000
2020 1 Продажи 82000
2020 2 Продажи 85000
2020 3 Продажи 88000
2020 4 Продажи 92000
2020 5 Продажи 95000
2020 6 Продажи 98000
2020 7 Продажи 101000
2020 8 Продажи 105000
2020 9 Продажи 109000
2020 10 Продажи 112000
2020 11 Продажи 116000
2020 12 Продажи 120000
2019 1 Маркетинг 53000
2019 2 Маркетинг 56000
2019 3 Маркетинг 59000
2019 4 Маркетинг 62000
2019 5 Маркетинг 65000
2019 6 Маркетинг 68000
2019 7 Маркетинг 71000
2019 8 Маркетинг 75000
2019 9 Маркетинг 78000
2019 10 Маркетинг 81000
2019 11 Маркетинг 84000
2019 12 Маркетинг 87000
2020 1 Маркетинг 90000
2020 2 Маркетинг 93000
2020 3 Маркетинг 96000
2020 4 Маркетинг 99000
2020 5 Маркетинг 102000
2020 6 Маркетинг 105000
2020 7 Маркетинг 108000
2020 8 Маркетинг 112000
2020 9 Маркетинг 116000
2020 10 Маркетинг 120000
2020 11 Маркетинг 125000
2020 12 Маркетинг 130000
2019 1 Разработка 59000
2019 2 Разработка 62000
2019 3 Разработка 65000
2019 4 Разработка 68000
2019 5 Разработка 71000
2019 6 Разработка 74000
2019 7 Разработка 77000
2019 8 Разработка 80000
2019 9 Разработка 83000
2019 10 Разработка 86000
2019 11 Разработка 89000
2019 12 Разработка 92100
2023 12 Hfphf,jnr 8.52826e+10
